me_lp     ITN       3    INFEASIBLE    NINF      5      OBJ   2.317439345332E-05
OBJ=c        RHS=b        RNG=         BND=bounds   M=   7032 N=  12655 SB=    0
03333333333333333300300000003000030003030000300300000030003300000000000330000300
00333003003303333333300330000000000000000303000303000003303333303300000030000000
00000000003300000000030000000300030333000030300000030030000033000000000000003300
03300303033033030333330000000003000000000000000030003000333330000003000300300000
33000000000000000000330333333003000030030033030300300030303030330303003033333303
03300330330300033330003033330330030303333003333030330333300000003300000033333033
00303300000330030303033333003000330333000033333000000300030003303030033030003000
00303033330303303000030003033000033330030000330030300000030003000300003000033000
30000300303030000033300333033000303000030300333003000003030300330030030030303033
03000330000300333300003000030000030333300000003003330033303003000033030300003000
00330003033330030000333300000303330003330000030303333000000000003000003303330330
03003300000003333030033033300000030330033333330033300000000030003330300300300300
30330303000330300333003333003003333003033303330030003030003333000303333303333000
30300033303300303330303030003003330300000000030333303000000330330000000033000030
03303303333300033330003033033030330000003030333003303330300030033000003333330333
33330303303330300300330300033000330333033330330003300333303033333003033003303303
30003003333300030300303303003333033303330300033030303000303300333333030300333330
00330330030333033300330300033330033030330030033300003303300030033030000000003333
33330303003303333303333303330003330003303030033303303330003003033003003330030030
00033303300303333300033003333000033033030030003030033030300030033000030030300300
00003033000300303330000033003333000033330303333033003300300033330033333030303030
33300300033000333300003333000300003033030030000000030330333030003330030300330303
33330000300330303000030033333330333333333333333333333333333333333333333333333333
33333333333333333333333333333333333333333333333333333333333333333333333333333333
33333333333333333333333333333333333333333333333333333333333333333333333333333333
33333333333333333333333333333333333333333333333333333333333333333333333333333333
33333333333333333333333333333333333333333333333333333333333333333333333333333333
33333333333333333333333333333333333333333333333333333333333333333333333333333333
33333333333333333333333333333333333333333333333333333333333333333333333333333333
33333333333333333333333333333333333333333333333333333333333333333333333333333333
33333333333333333333333333333333333333333333333333333333333333333333333333333333
33333333333333333333333333333333333333333333333333333333333333333333333333333333
33333333333333333333333333333333333333333333333333333333333333333333333333333333
33333333333333333333333333333333333333333333333333333333333333333330333333333333
33333333333333333333333333333333333333333333333333333333333333333333333333333333
33333333333333333333333333333333333333333333333333333333333333333333333333333333
33333333333333333333333333333333333333333333333333333333333333333333333333333333
33333333333333333333333333333333333333333333333333333333333333333333333333333333
33333333333333333333333333333333333333333333333333333333333333333333333333333333
33333333333333333333333333333333333333333333333333333333033333333333333333333333
33333333333333333333333333333333333333333333333333333333333333333333333333330333
33333333333333333333333333333333333333333333333333333333333033333333333333333333
33300003303333033333300030303303330000003033330033033333303003300003333303003003
00003030330003000033333333333333003033303033333330330333030300333033000333030333
03333033330300033000000030000030300003300300333333330330030330003300030330303303
00000030030333333000003003033300000000330030030000003003000330330030033000330033
00333330033300000033033300000000333333030000303000303000000003300033300330300330
00030003300000003303333330330333333303333033300333330333303300000330300303030303
30033033030003303003333333000303333300033333303003003003333030300033303330300333
33333330330333000003333003033030303000033300000003303333330033333303333300000303
33300003303300003333303003000003333003000033330303333333033030300030033300000000
00033333333333030000000030330333033003000033003030303333030000033333033333330003
03330300033330030030003030303300000330330000333333000000003000000333000030030000
03333303333000303303333300303300033330033333303033003000000000333030000330330033
03030000003303300030330303000300303300000003300300000003300300000300000030000300
30303030330033300000330003003003303303033033333333003000033330030030003333330003
00000333000303330330030333000330003000000000033030033033333300000333003330303003
33300000000000300300000003030300330030300003033333300003300030030000000033303303
33330003000000030003300330330033300030330003033003330300000033003330333303333033
00033000033000030333333333300000333030030030000000003303003303300300030030030300
03003303000333033030303300000330000000300003333330333330030003333030030303303333
03303003330330330033030300003303333333333333330033333000000000300003033333333033
03333333003303303033030033000303033303333330333003333000333333033030003330330330
00030030330003033000000333303030300333303303303000030003303303330000030333303000
03333333333333030300000000300303333033300000000003333000303300000000300030330033
33333333333333333333333333333333333333333333333333333333333333033333333333333333
33333333333333333333333333333333333333333333333333333333333333333333333333333333
33333333333333333333333333333333333333333333333333333333333333333333333333333333
33333333333333333333333333333333333333333333333333333333333333333333333333333333
33333333333333333333333333333333333333333333333333333333333333333333333333333333
33333333333333333333333333333333333333333333333333333333333333333333333333333333
33333333333333333333333333333333333333333333333333333333303333333333333333333333
33333333333333333333333333333333333333333333333333333333333333333333333333333333
33333303333333333333333333333333333333333333333333333333333333333333333333333333
33333333333333333333333333333333333333333333333333333333333333333333333333333333
33333333333333333333333333333333333333333333333333333333333333333333333333333333
33333333333333333333333333333333333333333333333303333333333333333333333333333333
33333333333333333333333333333333333333333333333333333333333333333333333333333333
33333333333333333333333333333333333333333333333333333333333333333333333333333333
33333333333333333333333333333333333333333303333333333333333333333333333333333333
33333333333333333333333333333333333333333333333333333333333333333333333333333333
33333333333333333333333333333333333333333333333333333333333333333333333033333333
33333333333333333333333333333333333333333333333333333333333333333333033303300330
00000300300000030030300000030000000300000003000000030300000003333300000030333333
33333333000300033333333333033000300000000303000000300000003000000003330030000033
33333000000030000000033000000303300000000033303000000303003000003030303333030300
00003033000030033000300033003000300030003330000003003000000000303333030000000300
00000330000000303300000003033030300030333300000030300033000300330303030303030033
33030300030030000000300000303300000003033000330000003003000333300003033333300003
03030333303033303000303333000000033333033303030000003000333000000003003030300003
00000003000000303333000033003330330033300000030333000000300030030003333333033300
30003000000003000000030330303033333333330000000303330003333330000003300000003033
30033330000000003030330000000300003033000000303000000303300003330003300300000030
00000030333303000330000003030303003030330030000033000000030030000003000000000300
03303333330000030300000300000000030300000003333333300000030003000000303030333000
00003300300000030303003330003003300300003000300030003300000003030000003000300000
00000000303000000000003303330000333003330333330303000300300000030330000003030003
00000030000330300333000000000333000000303300000003330000003030030000000333303000
00000003030003000030003000000303330003300000030000330303303030300000030000000303
30330000003033033330333000000300000003000303033330000003030033303000000303000000
30333300000003003303333330303333330330300303333003300003300000030300000030030030
33000330000000330000000303303000000030030000000303003300000030303000000300000003
03330030303003003330303333333000300030003000300030003000300300333303000000000303
00000030000000300333000300000030333333030303000000000003000003303000000030030300
00300303003330333000033333000000000033330303000303000300000003000333000003333300
03330003003003000300330300000030000303333330000003033000000303300000030030000003
03300030330000000003000300000003330000000300333300000030300000000000030000000030
30000003030000003033303003000000303000000300000003033330030000030000003003000000
00300033333300000003330000003030000000000330000003030000003030330000000303300300
30030000033330333030330333300033300000000300003300300000000303333000000300003000
00030000030000000300333300000030333030303000003300030000000030000000003033300000
00003000000003000000000300333000000300300000000000330000000030300000000030030000
30000300000030330303003000000003303330333033033000000033000000030030330000000303
33300000000303000030033303300000000000000300000000030000000000003000000030300030
00300030003000300030003003003303000000300300033330333333300003030000000033030000
00003333030000000030333330000003033000000303330000000033000300000000000030030000
00030300300030303030000003030333000003000000303330000003030300000030003000000300
03300003333030303000000303330033333000000300000000000300300003000000033333003000
00030000300000030000033033000000000033303000300003300000030333333330003000033333
33333333333333333000000033333333033030000000000000003030030000000303300000030333
33003000003303333333333333000000000033333000000303330000000333000000033030330000
33000000000030000000300030300300000300300000033000000030003000003030300000000000
00000000003000000000000000000003000000300030300000003300000003300000030030000000
30003030030000000330000303000000000300000300000300000303000033000000303003030000
00033000000003333003000000303003033033003003030000003030303333000000000300000003
03000330003000003030300330000000300030000000300000003000000030000000300000003000
00003000000000000000000030003000000000003300000000003033000000030003330033000000
30003000300003000000300000000030030000030033003033003300300300003000300300030030
00000030003300000000000000030000033333333330030000000000003030000030333000000303
33333303303033003000000030300300000300333030003000030000000333003003030303330333
30003303333333300000030033300333300300300030330033300030000300000000033003300330
00300330303003303333333330000300033000000003030300000000030333333333303330330333
33333333333033000000033333300000030303300003000000303030030000030300000300030300
33330333300000030330000000303333333330300000030030300300000003330030000003333333
33000000303300033003003033303000300000000330030030003000300003033300000030303030
00000303000000000303000003303000000030300300000033333003000000033333333000333300
03330000000030333000000303030030300033033333000000033303333300300000033303000003
00000000000303333330303000000000303330000003000300000300000000300000000330000000
33333000000003000000000003330000000003030000003000000030033003000003000330030300
30000033000000033330000003000000000333330330333033000300000003300000030000003000
00003030003000000000300000000030303000000033000000003000000303033333303033033000
00003300030000003300000030300000000000303300300000000003000000000003033300000003
00300033000000000003330303000000030333333330033030300000030303030000003033000000
30030000000333033303303303000300000003330333033000000003030000003033300000033033
00000330000000030033300000000300300000003300300000003030303033000000300300000030
00030000000030003333033330333030033330030303003030330330330330000000033333003003
30033000033000003003030330333000330330030330000333330033300303333300333330033300
03030033003033333030000000033033030303033300030303030000330300333030003003033303
30003330303033330330000000333030000330033330000303033333000000003000333003033000
03330333333303300333333333333333333330030033003003333333333333333033330333333333
33333333333333333333333333333333333333333333333333333333333333333333333333333333
33333330333333333030333333033333333333333333333333333333333333333333303033333333
03030333333333333333333303333333333333333333333333333333303033333333333333333333
33333333303333333333333333333333333333333330333333330333333303303033333333333333
33333333333333333333333333333333333333333333333333333333333333333333333333333333
03033333333333333333333033333333333333333333333333333333330300000000000003000000
00000003000000000000030000000000000300000000000003000000000000030000000000000303
03000000000300000000000003000000000000030000000000000300000000000003000000000000
03000000000000000000000000000000000000000000000000000000000000000000000000000000
00000000000000000000000000000000000000000000000000000000000000000000000000000000
00000000000000000000000000000000000000000000000000000000000000000000000000000000
00000000000000000000000000000000000000000000000000000000000000000000000000000000
00000000000000000000000000000000000000000000000000000000000000000000000000000000
00000003300000000000000000000000000000000000000000000000000000000000000000000000
00000000000000000000000000000000000000000000000000000000000000000000000000000000
00000000000000000000000000000000000000000000000000000000000000000000000000000000
30000000030000000000000000000000000000000000000000000000030000000000000000000000
00000000000000000000000000000000000000000000000000000000000000000000000000000000
00000000000000000000000000000000000000000000000300000000030000300030000300000000
00000000000000000000000000000000003000000000000000000000000000000000000000000000
00000000000000000000000000000000000000000000000000000000000000000000000000000000
00000000000000000000000000000000000000000000000000000000000000000000000000000000
00000000000000000000000000000000000000000000000000000000000000000000000000000000
00000000000000000000000000000000000000000000000000000000000000000000000000000000
00000000000000000000000000000000000000000000000000000000000000000000000030000000
00000000000000000000000003000000000000000000000000000000000000000000000333003000
00000000000000000000000000000000000000000000000030003000000000000000000000000000
00000000000000000000000000000000003000000000000000000000000000000000000000000000
00000000000000000000000000000000003000000000300030000000000000000000000000000000
00000000000000000000000000000000000000000000003300000000000000000000000000000000
00000000000000000000000000000000000000000000000000000000000000000000000000000000
00000000000000000000000000000000000000000000000000000000000000000000000000000000
00000000000000000000000000000000000000000000000000000000000000000000000000000000
00000000000000000000000000000000000000000000000000000000000000000000000000000000
00000000000000000000000000000000000000000000000000000000000000000000000000000000
00000000000000000000000000000000000000000000000000000000000000000000000000000000
00000000000000000000000000000000000000000000000000000000000000000000000000000000
00000000000000000000000000000000000000000000000000000000000000000000000000000000
00000000000000000000000000000000000000000000000000000000000000000000000000000000
00000000000000000000000000000000000000000000000000000000000000000000000000000000
00000000000000000000000000000000000000000000000000000000000000000000000000000000
00000000000000000000000000000000000000000000000000000000000000000000000000000000
00000000000000000000000000000000000000000000000000000000000000000000000000000000
00000000000000000000000000000000000000000000000000000000000000000000000000000000
00000000000000000000000000000000000000000000000000000000000000000000000000000000
00000000000000000000000000000000000000000000000000000000000000000000000000000000
00000000000000000000000000000000000000000000000000000000000000000000000000000000
00000000000000000000000000000000000000000000000000000000000000000000000000000000
00000000000000000000000000000000000000000000000000000000000000000000000000000000
00000000000000000000000000000000000000000000000000000000000000000000000000000000
00000000000000000000000000000000000000000000000000000000000000000000000000000000
00000000000000000000000000000000000000000000000000000000000000000000000000000000
00000000000000000000000000000000000000000000000000000000000000000000000000000000
00000000000000000000000000000000000000000000000000000000000000000000000000000000
00000000000000000000000000000000000000000000000000000000000000000000000000000000
00000000000000000000000000000000000000000000000000000000000000000000000000000000
00000000000000000000000000000000000000000000000000000000000000000000000000000000
00000000000000000000000000000000000000000000000000000000000000000000000000000000
00000000000000000000000000000000000000000000000000000000000000000000000000000000
00000000000000000000000000000000000000000000000000000000000000000000000000000000
00000000000000000000000000000000000000000000000000000000000000000000000000000000
00000000000000000000000000000000000000000000000000000000000000000000000000000000
00000000000000000000000000000000000000000000000000000000000000000000000000000000
00000000000000000000000000000000000000000000000000000000000000000000000000000000
00030000000000000000000000000000000000000000000000000000000000000000000000000000
00000000000000000000000000000000000000000000000000000000000000000000000000000000
00000000000000000000000000000000000000000000000000000000000000000000000000000000
00000000000000000000000000000000000000000000000000000000000000000000000000000000
00000000000000000000000000000000000000000000000000000000000000000000000000000000
00000000000000000000000000000000000000000000000000000000000000000000003000000000
00000000000000000000000000000000000000000000000000000000000000000000000000000000
00000000003000000000000000000000000000000000000000000000000000000000000003000000
00000000000000000000000000000000000000000000000000000000000000000000000000000000
00000000000000000000000000000000000000000000000000000000000000000000000000000000
00000000000000000000000000000000000000000000000000000000000000000000000000000000
00000000000000000000000000000000000000000000000000000000000000000000000000000000
00000000000000000000000000000000000000000000000000000000000000000000000000000000
00000000000000000000000000000000000000000000000000000000000000000000000000000000
00000000000000000000000000000000000000000000000000000000000000000000000000000000
00000000000000000000000000000000000000000000000000000000000000000000000000000000
00000000000000000000000000000000000000000000000000000000000000000000000000000000
00000000000000000000000000000000000000000000000000000000000000000000000000000000
00000000000000000000000000000000000000000000000000000000000000000000000000000000
00000000000000000000000000000000000000000000000000000000000000000000000000000000
00000000000000000000000000000000000000000000000000000000000000000000000000000000
00000000000000000000000000000000000000000000000000000000000000000000000000000000
00000000000000000000000000000000000000000000000000000000000000000000000000000000
00000000000000000000000000000000000000000000000000000000000000000000000000000000
00000000000000000000000000000000000000000000000000000000000000000000000000000000
00000000000000000000000000000000000000000000000000000000000000000000000000000000
00000000000000000000000000000000000000000000000000000000000000000000000000000000
00000000000000000000000000000000000000000000000000000000000000000000000000000000
00000000000000000000000000000000000000000000000000000000000000000000000000000000
00000000000000000000000000000000000000000000000000000000000000000000000000000000
00000000000000000000000000000000000000000000000000000000000000000000000000000000
00000000000000000000000000000000000000000000000000000000000000000000000000000000
0000003
       0
